#set.seed(123)
x <- c(1, 1, 1)
y <- c(2, 4, 4)




