A = [2 4 -1; -3 8 5; 2 -4 6];
b = [2; -7; 6];